0 0 0
4 0 0
0 4 0
4 4 0
2 2 1
0 0 0
0.004 0.004 0.00199238
0.008 0.008 0.00396967
0.012 0.012 0.00593207
0.016 0.016 0.00787982
0.02 0.02 0.0098131
0.024 0.024 0.0117321
0.028 0.028 0.0136371
0.032 0.032 0.0155283
0.036 0.036 0.0174057
0.04 0.04 0.0192698
0.044 0.044 0.0211205
0.048 0.048 0.0229581
0.052 0.052 0.0247829
0.056 0.056 0.0265949
0.06 0.06 0.0283944
0.064 0.064 0.0301815
0.068 0.068 0.0319564
0.072 0.072 0.0337192
0.076 0.076 0.0354702
0.08 0.08 0.0372095
0.084 0.084 0.0389372
0.088 0.088 0.0406536
0.092 0.092 0.0423587
0.096 0.096 0.0440527
0.1 0.1 0.0457359
0.104 0.104 0.0474082
0.108 0.108 0.0490699
0.112 0.112 0.0507211
0.116 0.116 0.052362
0.12 0.12 0.0539927
0.124 0.124 0.0556133
0.128 0.128 0.057224
0.132 0.132 0.0588249
0.136 0.136 0.0604161
0.14 0.14 0.0619978
0.144 0.144 0.0635701
0.148 0.148 0.0651331
0.152 0.152 0.066687
0.156 0.156 0.0682318
0.16 0.16 0.0697677
0.164 0.164 0.0712948
0.168 0.168 0.0728133
0.172 0.172 0.0743232
0.176 0.176 0.0758247
0.18 0.18 0.0773178
0.184 0.184 0.0788027
0.188 0.188 0.0802795
0.192 0.192 0.0817484
0.196 0.196 0.0832093
0.2 0.2 0.0846624
0.204 0.204 0.0861079
0.208 0.208 0.0875458
0.212 0.212 0.0889762
0.216 0.216 0.0903993
0.22 0.22 0.091815
0.224 0.224 0.0932236
0.228 0.228 0.0946251
0.232 0.232 0.0960197
0.236 0.236 0.0974073
0.24 0.24 0.0987881
0.244 0.244 0.100162
0.248 0.248 0.10153
0.252 0.252 0.102891
0.256 0.256 0.104245
0.26 0.26 0.105594
0.264 0.264 0.106935
0.268 0.268 0.108271
0.272 0.272 0.109601
0.276 0.276 0.110925
0.28 0.28 0.112242
0.284 0.284 0.113554
0.288 0.288 0.11486
0.292 0.292 0.116161
0.296 0.296 0.117455
0.3 0.3 0.118745
0.304 0.304 0.120029
0.308 0.308 0.121307
0.312 0.312 0.12258
0.316 0.316 0.123848
0.32 0.32 0.125111
0.324 0.324 0.126369
0.328 0.328 0.127621
0.332 0.332 0.128869
0.336 0.336 0.130112
0.34 0.34 0.13135
0.344 0.344 0.132583
0.348 0.348 0.133812
0.352 0.352 0.135036
0.356 0.356 0.136256
0.36 0.36 0.137471
0.364 0.364 0.138682
0.368 0.368 0.139888
0.372 0.372 0.14109
0.376 0.376 0.142288
0.38 0.38 0.143482
0.384 0.384 0.144672
0.388 0.388 0.145857
0.392 0.392 0.147039
0.396 0.396 0.148217
0.4 0.4 0.149391
0.404 0.404 0.150562
0.408 0.408 0.151728
0.412 0.412 0.152891
0.416 0.416 0.15405
0.42 0.42 0.155206
0.424 0.424 0.156358
0.428 0.428 0.157507
0.432 0.432 0.158653
0.436 0.436 0.159795
0.44 0.44 0.160934
0.444 0.444 0.16207
0.448 0.448 0.163203
0.452 0.452 0.164332
0.456 0.456 0.165459
0.46 0.46 0.166582
0.464 0.464 0.167703
0.468 0.468 0.168821
0.472 0.472 0.169935
0.476 0.476 0.171048
0.48 0.48 0.172157
0.484 0.484 0.173264
0.488 0.488 0.174368
0.492 0.492 0.175469
0.496 0.496 0.176568
0.5 0.5 0.177665
0.504 0.504 0.178759
0.508 0.508 0.179851
0.512 0.512 0.18094
0.516 0.516 0.182027
0.52 0.52 0.183112
0.524 0.524 0.184195
0.528 0.528 0.185276
0.532 0.532 0.186354
0.536 0.536 0.187431
0.54 0.54 0.188505
0.544 0.544 0.189578
0.548 0.548 0.190648
0.552 0.552 0.191717
0.556 0.556 0.192784
0.56 0.56 0.193849
0.564 0.564 0.194913
0.568 0.568 0.195975
0.572 0.572 0.197035
0.576 0.576 0.198094
0.58 0.58 0.199151
0.584 0.584 0.200206
0.588 0.588 0.20126
0.592 0.592 0.202313
0.596 0.596 0.203364
0.6 0.6 0.204414
0.604 0.604 0.205463
0.608 0.608 0.206511
0.612 0.612 0.207557
0.616 0.616 0.208602
0.62 0.62 0.209646
0.624 0.624 0.210689
0.628 0.628 0.211731
0.632 0.632 0.212772
0.636 0.636 0.213812
0.64 0.64 0.214851
0.644 0.644 0.21589
0.648 0.648 0.216927
0.652 0.652 0.217964
0.656 0.656 0.219
0.66 0.66 0.220035
0.664 0.664 0.22107
0.668 0.668 0.222104
0.672 0.672 0.223137
0.676 0.676 0.22417
0.68 0.68 0.225202
0.684 0.684 0.226234
0.688 0.688 0.227266
0.692 0.692 0.228297
0.696 0.696 0.229328
0.7 0.7 0.230359
0.704 0.704 0.231389
0.708 0.708 0.232419
0.712 0.712 0.233449
0.716 0.716 0.234479
0.72 0.72 0.235509
0.724 0.724 0.236538
0.728 0.728 0.237568
0.732 0.732 0.238598
0.736 0.736 0.239628
0.74 0.74 0.240658
0.744 0.744 0.241688
0.748 0.748 0.242718
0.752 0.752 0.243749
0.756 0.756 0.244779
0.76 0.76 0.245811
0.764 0.764 0.246842
0.768 0.768 0.247874
0.772 0.772 0.248906
0.776 0.776 0.249939
0.78 0.78 0.250972
0.784 0.784 0.252006
0.788 0.788 0.253041
0.792 0.792 0.254076
0.796 0.796 0.255112
0.8 0.8 0.256148
0.804 0.804 0.257185
0.808 0.808 0.258223
0.812 0.812 0.259262
0.816 0.816 0.260302
0.82 0.82 0.261343
0.824 0.824 0.262385
0.828 0.828 0.263427
0.832 0.832 0.264471
0.836 0.836 0.265516
0.84 0.84 0.266562
0.844 0.844 0.267609
0.848 0.848 0.268657
0.852 0.852 0.269707
0.856 0.856 0.270757
0.86 0.86 0.27181
0.864 0.864 0.272863
0.868 0.868 0.273918
0.872 0.872 0.274975
0.876 0.876 0.276033
0.88 0.88 0.277092
0.884 0.884 0.278153
0.888 0.888 0.279216
0.892 0.892 0.28028
0.896 0.896 0.281346
0.9 0.9 0.282414
0.904 0.904 0.283484
0.908 0.908 0.284555
0.912 0.912 0.285629
0.916 0.916 0.286704
0.92 0.92 0.287781
0.924 0.924 0.288861
0.928 0.928 0.289942
0.932 0.932 0.291026
0.936 0.936 0.292111
0.94 0.94 0.293199
0.944 0.944 0.294289
0.948 0.948 0.295382
0.952 0.952 0.296476
0.956 0.956 0.297573
0.96 0.96 0.298673
0.964 0.964 0.299775
0.968 0.968 0.30088
0.972 0.972 0.301987
0.976 0.976 0.303096
0.98 0.98 0.304209
0.984 0.984 0.305324
0.988 0.988 0.306442
0.992 0.992 0.307562
0.996 0.996 0.308686
1 1 0.309812
1.004 1.004 0.310942
1.008 1.008 0.312074
1.012 1.012 0.31321
1.016 1.016 0.314348
1.02 1.02 0.31549
1.024 1.024 0.316635
1.028 1.028 0.317783
1.032 1.032 0.318934
1.036 1.036 0.320089
1.04 1.04 0.321248
1.044 1.044 0.322409
1.048 1.048 0.323575
1.052 1.052 0.324744
1.056 1.056 0.325916
1.06 1.06 0.327092
1.064 1.064 0.328272
1.068 1.068 0.329456
1.072 1.072 0.330643
1.076 1.076 0.331835
1.08 1.08 0.33303
1.084 1.084 0.33423
1.088 1.088 0.335433
1.092 1.092 0.336641
1.096 1.096 0.337852
1.1 1.1 0.339069
1.104 1.104 0.340289
1.108 1.108 0.341514
1.112 1.112 0.342743
1.116 1.116 0.343977
1.12 1.12 0.345215
1.124 1.124 0.346458
1.128 1.128 0.347705
1.132 1.132 0.348957
1.136 1.136 0.350215
1.14 1.14 0.351476
1.144 1.144 0.352743
1.148 1.148 0.354015
1.152 1.152 0.355292
1.156 1.156 0.356574
1.16 1.16 0.357861
1.164 1.164 0.359154
1.168 1.168 0.360452
1.172 1.172 0.361755
1.176 1.176 0.363064
1.18 1.18 0.364378
1.184 1.184 0.365698
1.188 1.188 0.367024
1.192 1.192 0.368355
1.196 1.196 0.369692
1.2 1.2 0.371035
1.204 1.204 0.372384
1.208 1.208 0.373739
1.212 1.212 0.375101
1.216 1.216 0.376468
1.22 1.22 0.377842
1.224 1.224 0.379222
1.228 1.228 0.380608
1.232 1.232 0.382002
1.236 1.236 0.383401
1.24 1.24 0.384808
1.244 1.244 0.386221
1.248 1.248 0.387641
1.252 1.252 0.389068
1.256 1.256 0.390502
1.26 1.26 0.391943
1.264 1.264 0.393391
1.268 1.268 0.394847
1.272 1.272 0.39631
1.276 1.276 0.39778
1.28 1.28 0.399258
1.284 1.284 0.400744
1.288 1.288 0.402237
1.292 1.292 0.403739
1.296 1.296 0.405248
1.3 1.3 0.406765
1.304 1.304 0.40829
1.308 1.308 0.409824
1.312 1.312 0.411366
1.316 1.316 0.412916
1.32 1.32 0.414475
1.324 1.324 0.416043
1.328 1.328 0.417619
1.332 1.332 0.419205
1.336 1.336 0.420799
1.34 1.34 0.422402
1.344 1.344 0.424015
1.348 1.348 0.425636
1.352 1.352 0.427268
1.356 1.356 0.428908
1.36 1.36 0.430559
1.364 1.364 0.432219
1.368 1.368 0.433889
1.372 1.372 0.435569
1.376 1.376 0.437259
1.38 1.38 0.43896
1.384 1.384 0.44067
1.388 1.388 0.442392
1.392 1.392 0.444124
1.396 1.396 0.445867
1.4 1.4 0.44762
1.404 1.404 0.449385
1.408 1.408 0.451161
1.412 1.412 0.452948
1.416 1.416 0.454747
1.42 1.42 0.456557
1.424 1.424 0.458379
1.428 1.428 0.460213
1.432 1.432 0.462059
1.436 1.436 0.463918
1.44 1.44 0.465788
1.444 1.444 0.467671
1.448 1.448 0.469567
1.452 1.452 0.471476
1.456 1.456 0.473397
1.46 1.46 0.475332
1.464 1.464 0.47728
1.468 1.468 0.479241
1.472 1.472 0.481217
1.476 1.476 0.483206
1.48 1.48 0.485209
1.484 1.484 0.487226
1.488 1.488 0.489258
1.492 1.492 0.491304
1.496 1.496 0.493365
1.5 1.5 0.495441
1.504 1.504 0.497532
1.508 1.508 0.499638
1.512 1.512 0.50176
1.516 1.516 0.503898
1.52 1.52 0.506051
1.524 1.524 0.508221
1.528 1.528 0.510407
1.532 1.532 0.51261
1.536 1.536 0.51483
1.54 1.54 0.517066
1.544 1.544 0.51932
1.548 1.548 0.521591
1.552 1.552 0.52388
1.556 1.556 0.526187
1.56 1.56 0.528512
1.564 1.564 0.530856
1.568 1.568 0.533219
1.572 1.572 0.5356
1.576 1.576 0.538
1.58 1.58 0.54042
1.584 1.584 0.54286
1.588 1.588 0.54532
1.592 1.592 0.5478
1.596 1.596 0.550301
1.6 1.6 0.552823
1.604 1.604 0.555365
1.608 1.608 0.557929
1.612 1.612 0.560515
1.616 1.616 0.563123
1.62 1.62 0.565754
1.624 1.624 0.568407
1.628 1.628 0.571083
1.632 1.632 0.573783
1.636 1.636 0.576506
1.64 1.64 0.579253
1.644 1.644 0.582025
1.648 1.648 0.584821
1.652 1.652 0.587643
1.656 1.656 0.59049
1.66 1.66 0.593363
1.664 1.664 0.596262
1.668 1.668 0.599188
1.672 1.672 0.602141
1.676 1.676 0.605121
1.68 1.68 0.608129
1.684 1.684 0.611165
1.688 1.688 0.61423
1.692 1.692 0.617325
1.696 1.696 0.620448
1.7 1.7 0.623602
1.704 1.704 0.626787
1.708 1.708 0.630002
1.712 1.712 0.633249
1.716 1.716 0.636528
1.72 1.72 0.639839
1.724 1.724 0.643183
1.728 1.728 0.646561
1.732 1.732 0.649973
1.736 1.736 0.653419
1.74 1.74 0.656901
1.744 1.744 0.660418
1.748 1.748 0.663972
1.752 1.752 0.667562
1.756 1.756 0.67119
1.76 1.76 0.674856
1.764 1.764 0.678561
1.768 1.768 0.682306
1.772 1.772 0.68609
1.776 1.776 0.689915
1.78 1.78 0.693782
1.784 1.784 0.69769
1.788 1.788 0.701642
1.792 1.792 0.705637
1.796 1.796 0.709677
1.8 1.8 0.713762
1.804 1.804 0.717893
1.808 1.808 0.72207
1.812 1.812 0.726295
1.816 1.816 0.730569
1.82 1.82 0.734891
1.824 1.824 0.739264
1.828 1.828 0.743688
1.832 1.832 0.748165
1.836 1.836 0.752694
1.84 1.84 0.757277
1.844 1.844 0.761915
1.848 1.848 0.766609
1.852 1.852 0.77136
1.856 1.856 0.776169
1.86 1.86 0.781038
1.864 1.864 0.785967
1.868 1.868 0.790957
1.872 1.872 0.79601
1.876 1.876 0.801127
1.88 1.88 0.80631
1.884 1.884 0.811559
1.888 1.888 0.816875
1.892 1.892 0.822261
1.896 1.896 0.827718
1.9 1.9 0.833246
1.904 1.904 0.838848
1.908 1.908 0.844525
1.912 1.912 0.850278
1.916 1.916 0.85611
1.92 1.92 0.862021
1.924 1.924 0.868014
1.928 1.928 0.87409
1.932 1.932 0.880251
1.936 1.936 0.886499
1.94 1.94 0.892836
1.944 1.944 0.899263
1.948 1.948 0.905783
1.952 1.952 0.912397
1.956 1.956 0.919109
1.96 1.96 0.925919
1.964 1.964 0.932831
1.968 1.968 0.939846
1.972 1.972 0.946967
1.976 1.976 0.954197
1.98 1.98 0.961538
1.984 1.984 0.968992
1.988 1.988 0.976562
1.992 1.992 0.984252
1.996 1.996 0.992064
2 2 1
2.004 2.004 0.992064
2.008 2.008 0.984252
2.012 2.012 0.976562
2.016 2.016 0.968992
2.02 2.02 0.961538
2.024 2.024 0.954197
2.028 2.028 0.946967
2.032 2.032 0.939846
2.036 2.036 0.932831
2.04 2.04 0.925919
2.044 2.044 0.919109
2.048 2.048 0.912397
2.052 2.052 0.905783
2.056 2.056 0.899263
2.06 2.06 0.892836
2.064 2.064 0.886499
2.068 2.068 0.880251
2.072 2.072 0.87409
2.076 2.076 0.868014
2.08 2.08 0.862021
2.084 2.084 0.85611
2.088 2.088 0.850278
2.092 2.092 0.844525
2.096 2.096 0.838848
2.1 2.1 0.833246
2.104 2.104 0.827717
2.108 2.108 0.822261
2.112 2.112 0.816875
2.116 2.116 0.811559
2.12 2.12 0.80631
2.124 2.124 0.801127
2.128 2.128 0.79601
2.132 2.132 0.790957
2.136 2.136 0.785967
2.14 2.14 0.781038
2.144 2.144 0.776169
2.148 2.148 0.77136
2.152 2.152 0.766609
2.156 2.156 0.761915
2.16 2.16 0.757277
2.164 2.164 0.752694
2.168 2.168 0.748165
2.172 2.172 0.743689
2.176 2.176 0.739264
2.18 2.18 0.734891
2.184 2.184 0.730569
2.188 2.188 0.726295
2.192 2.192 0.72207
2.196 2.196 0.717892
2.2 2.2 0.713762
2.204 2.204 0.709677
2.208 2.208 0.705637
2.212 2.212 0.701642
2.216 2.216 0.69769
2.22 2.22 0.693782
2.224 2.224 0.689915
2.228 2.228 0.68609
2.232 2.232 0.682305
2.236 2.236 0.678561
2.24 2.24 0.674856
2.244 2.244 0.67119
2.248 2.248 0.667562
2.252 2.252 0.663972
2.256 2.256 0.660418
2.26 2.26 0.656901
2.264 2.264 0.653419
2.268 2.268 0.649973
2.272 2.272 0.646561
2.276 2.276 0.643183
2.28 2.28 0.639839
2.284 2.284 0.636528
2.288 2.288 0.633249
2.292 2.292 0.630002
2.296 2.296 0.626787
2.3 2.3 0.623602
2.304 2.304 0.620448
2.308 2.308 0.617325
2.312 2.312 0.61423
2.316 2.316 0.611165
2.32 2.32 0.608129
2.324 2.324 0.605121
2.328 2.328 0.60214
2.332 2.332 0.599188
2.336 2.336 0.596262
2.34 2.34 0.593363
2.344 2.344 0.59049
2.348 2.348 0.587643
2.352 2.352 0.584821
2.356 2.356 0.582025
2.36 2.36 0.579253
2.364 2.364 0.576506
2.368 2.368 0.573783
2.372 2.372 0.571083
2.376 2.376 0.568407
2.38 2.38 0.565754
2.384 2.384 0.563123
2.388 2.388 0.560515
2.392 2.392 0.557929
2.396 2.396 0.555365
2.4 2.4 0.552822
2.404 2.404 0.550301
2.408 2.408 0.5478
2.412 2.412 0.54532
2.416 2.416 0.54286
2.42 2.42 0.54042
2.424 2.424 0.538
2.428 2.428 0.5356
2.432 2.432 0.533219
2.436 2.436 0.530856
2.44 2.44 0.528512
2.444 2.444 0.526187
2.448 2.448 0.52388
2.452 2.452 0.521591
2.456 2.456 0.51932
2.46 2.46 0.517066
2.464 2.464 0.51483
2.468 2.468 0.51261
2.472 2.472 0.510407
2.476 2.476 0.508221
2.48 2.48 0.506051
2.484 2.484 0.503898
2.488 2.488 0.50176
2.492 2.492 0.499638
2.496 2.496 0.497532
2.5 2.5 0.495441
2.504 2.504 0.493365
2.508 2.508 0.491304
2.512 2.512 0.489258
2.516 2.516 0.487226
2.52 2.52 0.485209
2.524 2.524 0.483206
2.528 2.528 0.481217
2.532 2.532 0.479241
2.536 2.536 0.47728
2.54 2.54 0.475332
2.544 2.544 0.473397
2.548 2.548 0.471476
2.552 2.552 0.469567
2.556 2.556 0.467671
2.56 2.56 0.465788
2.564 2.564 0.463918
2.568 2.568 0.462059
2.572 2.572 0.460213
2.576 2.576 0.458379
2.58 2.58 0.456557
2.584 2.584 0.454747
2.588 2.588 0.452948
2.592 2.592 0.451161
2.596 2.596 0.449385
2.6 2.6 0.44762
2.604 2.604 0.445867
2.608 2.608 0.444124
2.612 2.612 0.442392
2.616 2.616 0.44067
2.62 2.62 0.43896
2.624 2.624 0.437259
2.628 2.628 0.435569
2.632 2.632 0.433889
2.636 2.636 0.432219
2.64 2.64 0.430559
2.644 2.644 0.428908
2.648 2.648 0.427268
2.652 2.652 0.425636
2.656 2.656 0.424015
2.66 2.66 0.422402
2.664 2.664 0.420799
2.668 2.668 0.419205
2.672 2.672 0.417619
2.676 2.676 0.416043
2.68 2.68 0.414475
2.684 2.684 0.412916
2.688 2.688 0.411366
2.692 2.692 0.409824
2.696 2.696 0.40829
2.7 2.7 0.406765
2.704 2.704 0.405248
2.708 2.708 0.403739
2.712 2.712 0.402237
2.716 2.716 0.400744
2.72 2.72 0.399258
2.724 2.724 0.39778
2.728 2.728 0.39631
2.732 2.732 0.394847
2.736 2.736 0.393391
2.74 2.74 0.391943
2.744 2.744 0.390502
2.748 2.748 0.389068
2.752 2.752 0.387641
2.756 2.756 0.386221
2.76 2.76 0.384808
2.764 2.764 0.383401
2.768 2.768 0.382002
2.772 2.772 0.380608
2.776 2.776 0.379222
2.78 2.78 0.377842
2.784 2.784 0.376468
2.788 2.788 0.375101
2.792 2.792 0.373739
2.796 2.796 0.372384
2.8 2.8 0.371035
2.804 2.804 0.369692
2.808 2.808 0.368355
2.812 2.812 0.367024
2.816 2.816 0.365698
2.82 2.82 0.364378
2.824 2.824 0.363064
2.828 2.828 0.361755
2.832 2.832 0.360452
2.836 2.836 0.359154
2.84 2.84 0.357861
2.844 2.844 0.356574
2.848 2.848 0.355292
2.852 2.852 0.354015
2.856 2.856 0.352743
2.86 2.86 0.351476
2.864 2.864 0.350214
2.868 2.868 0.348957
2.872 2.872 0.347705
2.876 2.876 0.346458
2.88 2.88 0.345215
2.884 2.884 0.343977
2.888 2.888 0.342743
2.892 2.892 0.341514
2.896 2.896 0.340289
2.9 2.9 0.339069
2.904 2.904 0.337852
2.908 2.908 0.336641
2.912 2.912 0.335433
2.916 2.916 0.33423
2.92 2.92 0.33303
2.924 2.924 0.331835
2.928 2.928 0.330643
2.932 2.932 0.329456
2.936 2.936 0.328272
2.94 2.94 0.327092
2.944 2.944 0.325916
2.948 2.948 0.324743
2.952 2.952 0.323575
2.956 2.956 0.322409
2.96 2.96 0.321248
2.964 2.964 0.320089
2.968 2.968 0.318935
2.972 2.972 0.317783
2.976 2.976 0.316635
2.98 2.98 0.31549
2.984 2.984 0.314348
2.988 2.988 0.31321
2.992 2.992 0.312074
2.996 2.996 0.310942
3 3 0.309812
3.004 3.004 0.308686
3.008 3.008 0.307562
3.012 3.012 0.306442
3.016 3.016 0.305324
3.02 3.02 0.304209
3.024 3.024 0.303096
3.028 3.028 0.301987
3.032 3.032 0.300879
3.036 3.036 0.299775
3.04 3.04 0.298673
3.044 3.044 0.297573
3.048 3.048 0.296476
3.052 3.052 0.295382
3.056 3.056 0.294289
3.06 3.06 0.293199
3.064 3.064 0.292111
3.068 3.068 0.291026
3.072 3.072 0.289942
3.076 3.076 0.288861
3.08 3.08 0.287781
3.084 3.084 0.286704
3.088 3.088 0.285629
3.092 3.092 0.284555
3.096 3.096 0.283484
3.1 3.1 0.282414
3.104 3.104 0.281346
3.108 3.108 0.28028
3.112 3.112 0.279216
3.116 3.116 0.278153
3.12 3.12 0.277092
3.124 3.124 0.276033
3.128 3.128 0.274975
3.132 3.132 0.273918
3.136 3.136 0.272863
3.14 3.14 0.27181
3.144 3.144 0.270757
3.148 3.148 0.269707
3.152 3.152 0.268657
3.156 3.156 0.267609
3.16 3.16 0.266562
3.164 3.164 0.265516
3.168 3.168 0.264471
3.172 3.172 0.263427
3.176 3.176 0.262384
3.18 3.18 0.261343
3.184 3.184 0.260302
3.188 3.188 0.259262
3.192 3.192 0.258223
3.196 3.196 0.257185
3.2 3.2 0.256148
3.204 3.204 0.255112
3.208 3.208 0.254076
3.212 3.212 0.253041
3.216 3.216 0.252006
3.22 3.22 0.250972
3.224 3.224 0.249939
3.228 3.228 0.248906
3.232 3.232 0.247874
3.236 3.236 0.246842
3.24 3.24 0.245811
3.244 3.244 0.244779
3.248 3.248 0.243749
3.252 3.252 0.242718
3.256 3.256 0.241688
3.26 3.26 0.240658
3.264 3.264 0.239628
3.268 3.268 0.238598
3.272 3.272 0.237568
3.276 3.276 0.236538
3.28 3.28 0.235509
3.284 3.284 0.234479
3.288 3.288 0.233449
3.292 3.292 0.232419
3.296 3.296 0.231389
3.3 3.3 0.230359
3.304 3.304 0.229328
3.308 3.308 0.228297
3.312 3.312 0.227266
3.316 3.316 0.226234
3.32 3.32 0.225202
3.324 3.324 0.22417
3.328 3.328 0.223137
3.332 3.332 0.222104
3.336 3.336 0.22107
3.34 3.34 0.220035
3.344 3.344 0.219
3.348 3.348 0.217964
3.352 3.352 0.216927
3.356 3.356 0.21589
3.36 3.36 0.214851
3.364 3.364 0.213812
3.368 3.368 0.212772
3.372 3.372 0.211731
3.376 3.376 0.210689
3.38 3.38 0.209646
3.384 3.384 0.208602
3.388 3.388 0.207557
3.392 3.392 0.206511
3.396 3.396 0.205463
3.4 3.4 0.204414
3.404 3.404 0.203364
3.408 3.408 0.202313
3.412 3.412 0.20126
3.416 3.416 0.200206
3.42 3.42 0.199151
3.424 3.424 0.198094
3.428 3.428 0.197035
3.432 3.432 0.195975
3.436 3.436 0.194913
3.44 3.44 0.193849
3.444 3.444 0.192784
3.448 3.448 0.191717
3.452 3.452 0.190648
3.456 3.456 0.189578
3.46 3.46 0.188505
3.464 3.464 0.187431
3.468 3.468 0.186354
3.472 3.472 0.185276
3.476 3.476 0.184195
3.48 3.48 0.183112
3.484 3.484 0.182027
3.488 3.488 0.18094
3.492 3.492 0.179851
3.496 3.496 0.178759
3.5 3.5 0.177665
3.504 3.504 0.176568
3.508 3.508 0.175469
3.512 3.512 0.174368
3.516 3.516 0.173264
3.52 3.52 0.172157
3.524 3.524 0.171048
3.528 3.528 0.169935
3.532 3.532 0.168821
3.536 3.536 0.167703
3.54 3.54 0.166582
3.544 3.544 0.165459
3.548 3.548 0.164332
3.552 3.552 0.163203
3.556 3.556 0.16207
3.56 3.56 0.160934
3.564 3.564 0.159795
3.568 3.568 0.158653
3.572 3.572 0.157507
3.576 3.576 0.156359
3.58 3.58 0.155206
3.584 3.584 0.15405
3.588 3.588 0.152891
3.592 3.592 0.151728
3.596 3.596 0.150562
3.6 3.6 0.149391
3.604 3.604 0.148217
3.608 3.608 0.147039
3.612 3.612 0.145857
3.616 3.616 0.144672
3.62 3.62 0.143482
3.624 3.624 0.142288
3.628 3.628 0.14109
3.632 3.632 0.139888
3.636 3.636 0.138682
3.64 3.64 0.137471
3.644 3.644 0.136256
3.648 3.648 0.135036
3.652 3.652 0.133812
3.656 3.656 0.132583
3.66 3.66 0.13135
3.664 3.664 0.130112
3.668 3.668 0.128869
3.672 3.672 0.127621
3.676 3.676 0.126369
3.68 3.68 0.125111
3.684 3.684 0.123848
3.688 3.688 0.12258
3.692 3.692 0.121307
3.696 3.696 0.120029
3.7 3.7 0.118745
3.704 3.704 0.117455
3.708 3.708 0.116161
3.712 3.712 0.11486
3.716 3.716 0.113554
3.72 3.72 0.112242
3.724 3.724 0.110925
3.728 3.728 0.109601
3.732 3.732 0.108271
3.736 3.736 0.106935
3.74 3.74 0.105594
3.744 3.744 0.104245
3.748 3.748 0.102891
3.752 3.752 0.10153
3.756 3.756 0.100162
3.76 3.76 0.0987881
3.764 3.764 0.0974073
3.768 3.768 0.0960197
3.772 3.772 0.0946251
3.776 3.776 0.0932236
3.78 3.78 0.091815
3.784 3.784 0.0903993
3.788 3.788 0.0889762
3.792 3.792 0.0875458
3.796 3.796 0.0861079
3.8 3.8 0.0846625
3.804 3.804 0.0832093
3.808 3.808 0.0817483
3.812 3.812 0.0802795
3.816 3.816 0.0788027
3.82 3.82 0.0773178
3.824 3.824 0.0758247
3.828 3.828 0.0743232
3.832 3.832 0.0728133
3.836 3.836 0.0712948
3.84 3.84 0.0697677
3.844 3.844 0.0682317
3.848 3.848 0.0666869
3.852 3.852 0.0651331
3.856 3.856 0.0635701
3.86 3.86 0.0619978
3.864 3.864 0.0604161
3.868 3.868 0.0588249
3.872 3.872 0.057224
3.876 3.876 0.0556133
3.88 3.88 0.0539927
3.884 3.884 0.052362
3.888 3.888 0.0507211
3.892 3.892 0.0490699
3.896 3.896 0.0474082
3.9 3.9 0.0457358
3.904 3.904 0.0440527
3.908 3.908 0.0423587
3.912 3.912 0.0406536
3.916 3.916 0.0389373
3.92 3.92 0.0372095
3.924 3.924 0.0354702
3.928 3.928 0.0337192
3.932 3.932 0.0319564
3.936 3.936 0.0301814
3.94 3.94 0.0283944
3.944 3.944 0.0265949
3.948 3.948 0.0247829
3.952 3.952 0.0229582
3.956 3.956 0.0211204
3.96 3.96 0.0192697
3.964 3.964 0.0174057
3.968 3.968 0.0155283
3.972 3.972 0.0136372
3.976 3.976 0.0117321
3.98 3.98 0.00981309
3.984 3.984 0.00787983
3.988 3.988 0.00593211
3.992 3.992 0.00396962
3.996 3.996 0.00199235
