0 0 0
1 0 1
2 0 4
3 0 9
4 0 16
0 1 2
1 1 5
2 1 10
3 1 17
4 1 26
0 2 6
1 2 11
2 2 18
3 2 27
4 2 38
0 3 12
1 3 19
2 3 28
3 3 39
4 3 52
0 4 20
1 4 29
2 4 40
3 4 53
4 4 68
0 0 0
0 0 0
0.4 0 11.9728
0.4 0 11.9728
0.8 0 10.7933
0.8 0 10.7933
1.2 0 11.2911
1.2 0 11.2911
1.6 0 13.7343
1.6 0 13.7343
2 0 4
2 0 4
2.4 0 15.4565
2.4 0 15.4565
2.8 0 15.596
2.8 0 15.596
3.2 0 16.3745
3.2 0 16.3745
3.6 0 18.8601
3.6 0 18.8601
0 0.4 12.0895
0 0.4 12.0895
0.4 0.4 12.7125
0.4 0.4 12.7125
0.8 0.4 12.9025
0.8 0.4 12.9025
1.2 0.4 13.5227
1.2 0.4 13.5227
1.6 0.4 14.6573
1.6 0.4 14.6573
2 0.4 15.1886
2 0.4 15.1886
2.4 0.4 16.599
2.4 0.4 16.599
2.8 0.4 17.6114
2.8 0.4 17.6114
3.2 0.4 18.6362
3.2 0.4 18.6362
3.6 0.4 20.035
3.6 0.4 20.035
0 0.8 11.1891
0 0.8 11.1891
0.4 0.8 13.0768
0.4 0.8 13.0768
0.8 0.8 13.1374
0.8 0.8 13.1374
1.2 0.8 13.8327
1.2 0.8 13.8327
1.6 0.8 15.4814
1.6 0.8 15.4814
2 0.8 15.639
2 0.8 15.639
2.4 0.8 17.6524
2.4 0.8 17.6524
2.8 0.8 18.8982
2.8 0.8 18.8982
3.2 0.8 19.9598
3.2 0.8 19.9598
3.6 0.8 21.5997
3.6 0.8 21.5997
0 1.2 11.8068
0 1.2 11.8068
0.4 1.2 13.8436
0.4 1.2 13.8436
0.8 1.2 13.975
0.8 1.2 13.975
1.2 1.2 14.7638
1.2 1.2 14.7638
1.6 1.2 16.5459
1.6 1.2 16.5459
2 1.2 16.6936
2 1.2 16.6936
2.4 1.2 18.9124
2.4 1.2 18.9124
2.8 1.2 20.1856
2.8 1.2 20.1856
3.2 1.2 21.3173
3.2 1.2 21.3173
3.6 1.2 23.0673
3.6 1.2 23.0673
0 1.6 14.3757
0 1.6 14.3757
0.4 1.6 15.1512
0.4 1.6 15.1512
0.8 1.6 15.8299
0.8 1.6 15.8299
1.2 1.6 16.7444
1.2 1.6 16.7444
1.6 1.6 18.122
1.6 1.6 18.122
2 1.6 19.2706
2 1.6 19.2706
2.4 1.6 20.7139
2.4 1.6 20.7139
2.8 1.6 22.2878
2.8 1.6 22.2878
3.2 1.6 23.5772
3.2 1.6 23.5772
3.6 1.6 24.9954
3.6 1.6 24.9954
0 2 6
0 2 6
0.4 2 15.895
0.4 2 15.895
0.8 2 16.2261
0.8 2 16.2261
1.2 2 17.1468
1.2 2 17.1468
1.6 2 19.446
1.6 2 19.446
2 2 18
2 2 18
2.4 2 22.2524
2.4 2 22.2524
2.8 2 24.398
2.8 2 24.398
3.2 2 25.6195
3.2 2 25.6195
3.6 2 27.1976
3.6 2 27.1976
0 2.4 16.4248
0 2.4 16.4248
0.4 2.4 17.4327
0.4 2.4 17.4327
0.8 2.4 18.3481
0.8 2.4 18.3481
1.2 2.4 19.4607
1.2 2.4 19.4607
1.6 2.4 21.0636
1.6 2.4 21.0636
2 2.4 22.4278
2 2.4 22.4278
2.4 2.4 24.0678
2.4 2.4 24.0678
2.8 2.4 25.8666
2.8 2.4 25.8666
3.2 2.4 27.3086
3.2 2.4 27.3086
3.6 2.4 28.8298
3.6 2.4 28.8298
0 2.8 17.0119
0 2.8 17.0119
0.4 2.8 18.6661
0.4 2.8 18.6661
0.8 2.8 19.8596
0.8 2.8 19.8596
1.2 2.8 21.0055
1.2 2.8 21.0055
1.6 2.8 22.8361
1.6 2.8 22.8361
2 2.8 24.8512
2 2.8 24.8512
2.4 2.8 26.0651
2.4 2.8 26.0651
2.8 2.8 28.7025
2.8 2.8 28.7025
3.2 2.8 30.1778
3.2 2.8 30.1778
3.6 2.8 31.4526
3.6 2.8 31.4526
0 3.2 17.9132
0 3.2 17.9132
0.4 3.2 19.8324
0.4 3.2 19.8324
0.8 3.2 21.0601
0.8 3.2 21.0601
1.2 3.2 22.2788
1.2 3.2 22.2788
1.6 3.2 24.2729
1.6 3.2 24.2729
2 3.2 26.2066
2 3.2 26.2066
2.4 3.2 27.6571
2.4 3.2 27.6571
2.8 3.2 30.3201
2.8 3.2 30.3201
3.2 3.2 31.8434
3.2 3.2 31.8434
3.6 3.2 33.238
3.6 3.2 33.238
0 3.6 20.3296
0 3.6 20.3296
0.4 3.6 21.3348
0.4 3.6 21.3348
0.8 3.6 22.7959
0.8 3.6 22.7959
1.2 3.6 24.122
1.2 3.6 24.122
1.6 3.6 25.829
1.6 3.6 25.829
2 3.6 27.904
2 3.6 27.904
2.4 3.6 29.3237
2.4 3.6 29.3237
2.8 3.6 31.7735
2.8 3.6 31.7735
3.2 3.6 33.4123
3.2 3.6 33.4123
3.6 3.6 34.8102
3.6 3.6 34.8102
