0 0 0
1 0 1
2 0 4
3 0 9
4 0 16
0 1 2
1 1 5
2 1 10
3 1 17
4 1 26
0 2 6
1 2 11
2 2 18
3 2 27
4 2 38
0 3 12
1 3 19
2 3 28
3 3 39
4 3 52
0 4 20
1 4 29
2 4 40
3 4 53
4 4 68
0 0 2367.54
0 0 2367.54
0.4 0 2237.24
0.4 0 2237.24
0.8 0 2120.99
0.8 0 2120.99
1.2 0 2020.77
1.2 0 2020.77
1.6 0 1938.61
1.6 0 1938.61
2 0 1876.54
2 0 1876.54
2.4 0 1836.52
2.4 0 1836.52
2.8 0 1820.24
2.8 0 1820.24
3.2 0 1829.09
3.2 0 1829.09
3.6 0 1863.79
3.6 0 1863.79
0 0.4 2231.17
0 0.4 2231.17
0.4 0.4 2093.83
0.4 0.4 2093.83
0.8 0.4 1970.85
0.8 0.4 1970.85
1.2 0.4 1864.44
1.2 0.4 1864.44
1.6 0.4 1776.85
1.6 0.4 1776.85
2 0.4 1710.41
2 0.4 1710.41
2.4 0.4 1667.33
2.4 0.4 1667.33
2.8 0.4 1649.57
2.8 0.4 1649.57
3.2 0.4 1658.78
3.2 0.4 1658.78
3.6 0.4 1695.86
3.6 0.4 1695.86
0 0.8 2108.25
0 0.8 2108.25
0.4 0.8 1964.05
0.4 0.8 1964.05
0.8 0.8 1834.52
0.8 0.8 1834.52
1.2 0.8 1722.12
1.2 0.8 1722.12
1.6 0.8 1629.34
1.6 0.8 1629.34
2 0.8 1558.74
2 0.8 1558.74
2.4 0.8 1512.83
2.4 0.8 1512.83
2.8 0.8 1493.8
2.8 0.8 1493.8
3.2 0.8 1503.56
3.2 0.8 1503.56
3.6 0.8 1543.15
3.6 0.8 1543.15
0 1.2 2000.92
0 1.2 2000.92
0.4 1.2 1850.28
0.4 1.2 1850.28
0.8 1.2 1714.65
0.8 1.2 1714.65
1.2 1.2 1596.7
1.2 1.2 1596.7
1.6 1.2 1499.15
1.6 1.2 1499.15
2 1.2 1424.79
2 1.2 1424.79
2.4 1.2 1376.37
2.4 1.2 1376.37
2.8 1.2 1356.34
2.8 1.2 1356.34
3.2 1.2 1366.81
3.2 1.2 1366.81
3.6 1.2 1408.97
3.6 1.2 1408.97
0 1.6 1911.43
0 1.6 1911.43
0.4 1.6 1755.05
0.4 1.6 1755.05
0.8 1.6 1614
0.8 1.6 1614
1.2 1.6 1491.16
1.2 1.6 1491.16
1.6 1.6 1389.46
1.6 1.6 1389.46
2 1.6 1311.88
2 1.6 1311.88
2.4 1.6 1261.4
2.4 1.6 1261.4
2.8 1.6 1240.65
2.8 1.6 1240.65
3.2 1.6 1251.95
3.2 1.6 1251.95
3.6 1.6 1296.59
3.6 1.6 1296.59
0 2 1842.1
0 2 1842.1
0.4 2 1680.94
0.4 2 1680.94
0.8 2 1535.44
0.8 2 1535.44
1.2 2 1408.64
1.2 2 1408.64
1.6 2 1303.63
1.6 2 1303.63
2 2 1223.52
2 2 1223.52
2.4 2 1171.5
2.4 2 1171.5
2.8 2 1150.32
2.8 2 1150.32
3.2 2 1162.48
3.2 2 1162.48
3.6 2 1209.4
3.6 2 1209.4
0 2.4 1795.15
0 2.4 1795.15
0.4 2.4 1630.5
0.4 2.4 1630.5
0.8 2.4 1481.81
0.8 2.4 1481.81
1.2 2.4 1352.25
1.2 2.4 1352.25
1.6 2.4 1244.98
1.6 2.4 1244.98
2 2.4 1163.24
2 2.4 1163.24
2.4 2.4 1110.29
2.4 2.4 1110.29
2.8 2.4 1089.03
2.8 2.4 1089.03
3.2 2.4 1102.05
3.2 2.4 1102.05
3.6 2.4 1150.86
3.6 2.4 1150.86
0 2.8 1772.57
0 2.8 1772.57
0.4 2.8 1606.01
0.4 2.8 1606.01
0.8 2.8 1455.67
0.8 2.8 1455.67
1.2 2.8 1324.77
1.2 2.8 1324.77
1.6 2.8 1216.53
1.6 2.8 1216.53
2 2.8 1134.17
2 2.8 1134.17
2.4 2.8 1081.04
2.4 2.8 1081.04
2.8 2.8 1060.03
2.8 2.8 1060.03
3.2 2.8 1073.83
3.2 2.8 1073.83
3.6 2.8 1123.99
3.6 2.8 1123.99
0 3.2 1776.01
0 3.2 1776.01
0.4 3.2 1609.41
0.4 3.2 1609.41
0.8 3.2 1459.22
0.8 3.2 1459.22
1.2 3.2 1328.68
1.2 3.2 1328.68
1.6 3.2 1220.93
1.6 3.2 1220.93
2 3.2 1139.17
2 3.2 1139.17
2.4 3.2 1086.7
2.4 3.2 1086.7
2.8 3.2 1066.36
2.8 3.2 1066.36
3.2 3.2 1080.82
3.2 3.2 1080.82
3.6 3.2 1131.64
3.6 3.2 1131.64
0 3.6 1806.41
0 3.6 1806.41
0.4 3.6 1641.84
0.4 3.6 1641.84
0.8 3.6 1493.79
0.8 3.6 1493.79
1.2 3.6 1365.41
1.2 3.6 1365.41
1.6 3.6 1259.77
1.6 3.6 1259.77
2 3.6 1179.93
2 3.6 1179.93
2.4 3.6 1129.06
2.4 3.6 1129.06
2.8 3.6 1109.84
2.8 3.6 1109.84
3.2 3.6 1124.84
3.2 3.6 1124.84
3.6 3.6 1175.52
3.6 3.6 1175.52
